:room
  W  0  0  0  0
  W  0 12  0 12
  W 16  0 16  0
  W 16 12 16 12
C W  0  0  3.5  3
C W  0  0  1.5  1
C W  0 12  3.5  3
C W  0 12  1.5  1
C W 16  0  3.5  3
C W 16  0  1.5  1
C W 16 12  3.5  3
C W 16 12  1.5  1
C W  0  1  2.5  2   0 180
C W -1  0  2.5  2  90 270
C W  0 13 2.5  2   0 180
C W  1 12 2.5  2 270  90
C W 16 11 2.5  2 180   0
C W 17 12 2.5  2 270  90
C W 16 -1 2.5  2 180   0
C W 15  0 2.5  2  90 270

:top
  W  3  0.25 13  0.75

:bottom
  W  3 11.75 13 11.25

:left
  W  0.25  3  0.75  9

:right
  W 15.75  3 15.25  9

