:room
C W  0  0  0.75
  W  0  0  3.5  0.25
T W  1  0  2  0  2  1
T W  3  1  2  0  2  1
T W  2.5  0  3.5  0  3.5  1
T W  4.5  1  3.5  0  3.5  1
  W  0  0  0.25  2
T W  0  1  0  2  1  2
T W  1  3  0  2  1  2
C W  0 12  0.75
  W  0 12 3.5 11.75
T W  1 12  2 12  2 11
T W  3 11  2 12  2 11
T W 2.5 12 3.5 12 3.5 11
T W 4.5 11 3.5 12 3.5 11
  W  0 12 0.25 10
T W  0 11  0 10  1 10
T W  1  9  0 10  1 10
  W 16  0 12.5 0.25
C W 16  0  0.75
T W 15  0 14  0 14  1
T W 13  1 14  0 14  1
T W 13.5  0 12.5  0 12.5  1
T W 11.5  1 12.5  0 12.5  1
  W 16  0 15.75  2
T W 16  1 16  2 15  2
T W 15  3 16  2 15  2
C W 16 12  0.75
  W 16 12 12.5 11.75
T W 15 12 14 12 14 11
T W 13 11 14 12 14 11
T W 13.5 12 12.5 12 12.5 11
T W 11.5 11 12.5 12 12.5 11
  W 16 12 15.75 10
T W 16 11 16 10 15 10
T W 15  9 16 10 15 10

:top
C W  8  0  0.5
  W  3.5  0  6  0.25
T W  4  0  5  0  5  1
T W  6  1  5  0  5  1
T W  5.5  0  6.5  0  6.5  1
T W  7.5  1  6.5  0  6.5  1
  W 12.5  0 10 0.25
T W 12  0 11  0 11  1
T W 10  1 11  0 11  1
T W 10.5  0 9.5  0 9.5  1
T W 8.5  1 9.5  0 9.5  1

:bottom
C W  8 12 0.5
  W 3.5 12  6 11.75
T W  4 12  5 12  5 11
T W  6 11  5 12  5 11
T W 5.5 12 6.5 12 6.5 11
T W 7.5 11 6.5 12 6.5 11
  W 12.5 12 10 11.75
T W 12 12 11 12 11 11
T W 10 11 11 12 11 11
T W 10.5 12 9.5 12 9.5 11
T W 8.5 11 9.5 12 9.5 11

:left
C W  0  6  0.5
  W  0  2  0.25  5
T W  0  2.5  0  3.5  1  3.5
T W  1  4.5  0  3.5  1  3.5
T W  0  4  0  5  1  5
T W  1  6  0  5  1  5
  W  0 10 0.25  7
T W  0 9.5  0 8.5  1 8.5
T W  1 7.5  0 8.5  1 8.5
T W  0  8  0  7  1  7
T W  1  6  0  7  1  7

:right
C W 16  6 0.5
  W 16  2 15.75  5
T W 16 2.5 16 3.5 15 3.5
T W 15 4.5 16 3.5 15 3.5
T W 16  4 16  5 15  5
T W 15  6 16  5 15  5
  W 16 10 15.75  7
T W 16 9.5 16 8.5 15 8.5
T W 15 7.5 16 8.5 15 8.5
T W 16  8 16  7 15  7
T W 15  6 16  7 15  7

