:room
C W  1  1  2  0 170 100
C W 15  1  2  0 260 190
C W  1 11  2  0  80  10
C W 15 11  2  0 350 280

:top
C W  4  0.75  1  0 215 145
C W  6  0.75  1  0 215 145
C W  8  0.75  1  0 215 145
C W 10  0.75  1  0 215 145
C W 12  0.75  1  0 215 145

:bottom
C W  4 11.25  1  0  35 325
C W  6 11.25  1  0  35 325
C W  8 11.25  1  0  35 325
C W 10 11.25  1  0  35 325
C W 12 11.25  1  0  35 325

:left
C W  0.75  4  1  0 125  55
C W  0.75  6  1  0 125  55
C W  0.75  8  1  0 125  55

:right
C W 15.25  4  1  0 305 235
C W 15.25  6  1  0 305 235
C W 15.25  8  1  0 305 235

