:room
C W  0  0  2.8  2.2
C W  0  0  0.8  0.4
  W  0.8  0  2.5  0.4
  W  0  0.8  0.4  2.5
C W  1  1  1  0.6 270   0
C W  0.8  1.61  0.8  0.4 150 270
C W  1.61  0.8  0.8  0.4   0 120
  W  1  1  1  1
C W  0 12  2.8 2.2
C W  0 12 0.8 0.4
  W 0.8 12 2.5 11.6
  W  0 11.2 0.4 9.5
C W  1 11  1 0.6 180 270
C W 0.8 10.39 0.8 0.4 270  30
C W 1.61 11.2 0.8 0.4  60 180
  W  1 11  1 11
C W 16  0  2.8 2.2
C W 16  0 0.8 0.4
  W 15.2  0 13.5 0.4
  W 16 0.8 15.6 2.5
C W 15  1  1 0.6   0  90
C W 15.2 1.61 0.8 0.4  90 210
C W 14.39 0.8 0.8 0.4 240   0
  W 15  1 15  1
C W 16 12  2.8 2.2
C W 16 12 0.8 0.4
  W 15.2 12 13.5 11.6
  W 16 11.2 15.6 9.5
C W 15 11  1 0.6  90 180
C W 15.2 10.39 0.8 0.4 330  90
C W 14.39 11.2 0.8 0.4 180 300
  W 15 11 15 11

:top
  W  3.4  0 12.6 0.4
C W  3.4  0 0.4
C W 12.6  0 0.4

:bottom
  W 3.4 12 12.6 11.6
C W 3.4 12 0.4
C W 12.6 12 0.4

:left
  W  0 3.4 0.4 8.6
C W  0 3.4 0.4
C W  0 8.6 0.4

:right
  W 16 3.4 15.6 8.6
C W 16 3.4 0.4
C W 16 8.6 0.4

