:room
C W  0  0  3  2.51
C W  0  0  1.69  1.2
C W  2.1  0  0.406  0  0  0  5
C W  1.94  0.80  0.406  0  0  0  5
C W  1.48  1.48  0.406  0  0  0  5
C W  0.80  1.94  0.406  0  0  0  5
C W  0  2.1  0.406  0  0  0  5
  W  0.3 0.3 0.3 0.3
C W  0 12  3 2.51
C W  0 12 1.69 1.2
C W 2.1 12 0.406  0   0   0  5
C W 1.94 11.2 0.406  0   0   0  5
C W 1.48 10.52 0.406  0   0   0  5
C W 0.8 10.06 0.406  0   0   0  5
C W  0 9.9 0.406  0   0   0  5
  W 0.3 11.7 0.3 11.7
C W 16  0  3 2.51
C W 16  0 1.69 1.2
C W 13.9  0 0.406  0   0   0  5
C W 14.06 0.8 0.406  0   0   0  5
C W 14.52 1.48 0.406  0   0   0  5
C W 15.2 1.94 0.406  0   0   0  5
C W 16 2.1 0.406  0   0   0  5
  W 15.7 0.3 15.7 0.3
C W 16 12  3 2.51
C W 16 12 1.69 1.2
C W 13.9 12 0.406  0   0   0  5
C W 14.06 11.2 0.406  0   0   0  5
C W 14.52 10.52 0.406  0   0   0  5
C W 15.2 10.06 0.406  0   0   0  5
C W 16 9.9 0.406  0   0   0  5
  W 15.7 11.7 15.7 11.7

:top
  W  3.5  0 12.5 0.4
C W  3.5  0 0.4
C W 12.5  0 0.4

:bottom
  W 3.5 12 12.5 11.6
C W 3.5 12 0.4
C W 12.5 12 0.4

:left
  W  0 3.5 0.4 8.6
C W  0 3.5 0.4
C W  0 8.5 0.4

:right
  W 16 3.5 15.6 8.6
C W 16 3.5 0.4
C W 16 8.5 0.4

