:room
C W  0  0  1.7  0.8
C W  0 -2.9  5.8  4.8 120 180
  W  0 0.4 4 0.4
C W  0 12 1.7 0.8
C W  0 14.9 5.8 4.8   0  60
  W  0 11.6  4 11.6
C W 16  0 1.7 0.8
C W 16 -2.9 5.8 4.8 180 240
  W 16 0.4 12 0.4
C W 16 12 1.7 0.8
C W 16 14.9 5.8 4.8 300   0
  W 16 11.6 12 11.6

:top
C W  6  0 0.34 0.16
C W  6 -0.58 1.16 0.96 120 240
C W  8  0 0.34 0.16
C W  8 -0.58 1.16 0.96 120 240
C W 10  0 0.34 0.16
C W 10 -0.58 1.16 0.96 120 240

:bottom
C W  6 12 0.34 0.16
C W  6 12.58 1.16 0.96 300  60
C W  8 12 0.34 0.16
C W  8 12.58 1.16 0.96 300  60
C W 10 12 0.34 0.16
C W 10 12.58 1.16 0.96 300  60

:left
C W  0  4  0.57  0.27
C W  0  3.03  1.93  1.6 120 180
C W  0  4.97  1.93  1.6   0  60
C W  0  6  0.57  0.27
C W  0  5.03  1.93  1.6 120 180
C W  0  6.97  1.93  1.6   0  60
C W  0  8  0.57  0.27
C W  0  7.03  1.93  1.6 120 180
C W  0  8.97  1.93  1.6   0  60

:right
C W 16  4 0.57 0.27
C W 16 3.03 1.93 1.6 180 240
C W 16 4.97 1.93 1.6 300   0
C W 16  6 0.57 0.27
C W 16 5.03 1.93 1.6 180 240
C W 16 6.97 1.93 1.6 300   0
C W 16  8 0.57 0.27
C W 16 7.03 1.93 1.6 180 240
C W 16 8.97 1.93 1.6 300   0

