:room
  W  0  0 3.25 0.5
T W 3.25  0  3.75  0 3.25 0.5
  W  0  0 0.5 3.25
T W  0 3.25  0 3.75 0.5 3.25
T W 0.75 0.75  3 0.75 0.75  3  6
  W  0 12 3.25 11.5
T W 3.25 12 3.75 12 3.25 11.5
  W  0 12 0.5 8.75
T W  0 8.75  0 8.25 0.5 8.75
T W 0.75 11.25  3 11.25 0.75  9  6
  W 16  0 12.75 0.5
T W 12.75  0 12.25  0 12.75 0.5
  W 16  0 15.5 3.25
T W 16 3.25 16 3.75 15.5 3.25
T W 15.25 0.75 13 0.75 15.25  3  6
  W 16 12 12.75 11.5
T W 12.75 12 12.25 12 12.75 11.5
  W 16 12 15.5 8.75
T W 16 8.75 16 8.25 15.5 8.75
T W 15.25 11.25 13 11.25 15.25  9  6

:top
T W  4  0  4 0.5 3.5 0.5  5
T W 12  0 12 0.5 12.5 0.5  5
  W  4  0 12 0.5  5

:bottom
T W  4 12  4 11.5 3.5 11.5  5
T W 12 12 12 11.5 12.5 11.5  5
  W  4 12 12 11.5  5

:left
T W  0  4 0.5  4 0.5 3.5  5
T W  0  8 0.5  8 0.5 8.5  5
  W  0  4 0.5  8  5

:right
T W 16  4 15.5  4 15.5 3.5  5
T W 16  8 15.5  8 15.5 8.5  5
  W 16  4 15.5  8  5
