:room
C W  3  3  5 2.5 270   0
C W  3  3  2 1.5 270   0
  W  3  0  5 0.5
  W  3  1  5 1.5
C W 13  3  5 2.5   0  90
C W 13  3  2 1.5   0  90
  W 13  0 11 0.5
  W 13  1 11 1.5
C W  3  9  5 2.5 180 270
C W  3  9  2 1.5 180 270
  W  3 12  5 11.5
  W  3 11  5 10.5
C W 13  9  5 2.5  90 180
C W 13  9  2 1.5  90 180
  W 13 12 11 11.5
  W 13 11 11 10.5

:top
  W  5  0 11 0.5
  W  5  1 11 1.5

:bottom
  W  5 12 11 11.5
  W  5 11 11 10.5

:left
  W  0  3 0.5  9
  W  1  3 1.5  9

:right
  W 16  3 15.5  9
  W 15  3 14.5  9
