:room
  W  0  0  5 0.5
  W  0  0 0.5  3
  W  5  0 4.5  3
  W  0  3  5 2.5
  W  0  1  5  1
  W  0  2  5  2
  W  0 12  5 11.5
  W  0 12 0.5  9
  W  5 12 4.5  9
  W  0  9  5 9.5
  W  0 11  5 11
  W  0 10  5 10
  W 16  0 11 0.5
  W 16  0 15.5  3
  W 11  0 11.5  3
  W 16  3 11 2.5
  W 16  1 11  1
  W 16  2 11  2
  W 16 12 11 11.5
  W 16 12 15.5  9
  W 11 12 11.5  9
  W 16  9 11 9.5
  W 16 11 11 11
  W 16 10 11 10

:top
  W  5  0 11 0.5

:bottom
  W  5 12 11 11.5

:left
  W  0  3 0.5  9

:right
  W 16  3 15.5  9
