:room
  W  0 0.75 2.75 0.25
  W  0 1.75 0.75 1.25
  W  0 2.75 2.75 2.25
  W 0.75  0 0.25 2.75
  W 1.75  0 1.25 0.75
  W 2.75  0 2.25 2.75
  W  1 1.5  2 1.5
  W 16 0.75 13.25 0.25
  W 16 1.75 15.25 1.25
  W 16 2.75 13.25 2.25
  W 15.25  0 15.75 2.75
  W 14.25  0 14.75 0.75
  W 13.25  0 13.75 2.75
  W 15 1.5 14 1.5
  W  0 11.25 2.75 11.75
  W  0 10.25 0.75 10.75
  W  0 9.25 2.75 9.75
  W 0.75 12 0.25 9.25
  W 1.75 12 1.25 11.25
  W 2.75 12 2.25 9.25
  W  1 10.5  2 10.5
  W 16 11.25 13.25 11.75
  W 16 10.25 15.25 10.75
  W 16 9.25 13.25 9.75
  W 15.25 12 15.75 9.25
  W 14.25 12 14.75 11.25
  W 13.25 12 13.75 9.25
  W 15 10.5 14 10.5

:top
  W  0 0.75 16 0.25
  W  0 1.75 16 1.25
  W  0 2.75 16 2.25

:bottom
  W  0 11.25 16 11.75
  W  0 10.25 16 10.75
  W  0 9.25 16 9.75

:left
  W 0.75  0 0.25 12
  W 1.75  0 1.25 12
  W 2.75  0 2.25 12

:right
  W 15.25  0 15.75 12
  W 14.25  0 14.75 12
  W 13.25  0 13.75 12
