:room
  W  0  0  3  1
  W  0  0  1  3
  W  0 12  3 11
  W  0 12  1  9
  W 16  0 13  1
  W 16  0 15  3
  W 16 12 13 11
  W 16 12 15  9

:top
  W 6.125  0 9.875 0.625
  W 7.375 0.625 8.625 1.875
  W 3.25  0 5.875 0.625
  W 12.75  0 10.125 0.625

:bottom
  W 6.125 12 9.875 11.375
  W 7.375 11.375 8.625 10.125
  W 3.25 12 5.875 11.375
  W 12.75 12 10.125 11.375

:left
  W  0 4.125 0.625 7.875
  W  0.625 5.375 1.875 6.625
  W  0 3.25 0.625 3.875
  W  0 8.75 0.625 8.125

:right
  W 16 4.125 15.375 7.875
  W 15.375 5.375 14.125 6.625
  W 16 3.25 15.375 3.875
  W 16 8.75 15.375 8.125
