:room
T W 1.73  0 1.73  3 -3.46  0
T W -1.73  0 -1.73  3 3.46  0
T W 14.27  0 14.27  3 19.46  0
T W 17.73  0 17.73  3 12.54  0
T W 1.73 12 1.73  9 -3.46 12
T W -1.73 12 -1.73  9 3.46 12
T W 14.27 12 14.27  9 19.46 12
T W 17.73 12 17.73  9 12.54 12
T G 9.73  3 9.73  9 4.54  6  5
T G 6.27  3 6.27  9 11.46  6  5

:top
  W  0  0 16  1
T W 9.73  0 9.73  3 4.54  0
T W 6.27  0 6.27  3 11.46  0

:bottom
  W  0 12 16 11
T W 9.73 12 9.73  9 4.54 12
T W 6.27 12 6.27  9 11.46 12

:left
T W 1.73  3 1.73  9 -3.46  6
T W -1.73  3 -1.73  9 3.46  6
  W  0  3 1.5  3
  W  0  9 1.5  9
  W  0  0  0 12

:right
T W 14.27  3 14.27  9 19.46  6
T W 17.73  3 17.73  9 12.54  6
  W 16  3 14.5  3
  W 16  9 14.5  9
  W 16  0 16 12
