:room
C W  0  0 1.75
T W  2  0  2 0.5 3.5  0
T W  0  2 0.5  2  0 3.5
T W 1.06 1.77 1.77 1.06 2.47 2.47
C W 16  0 1.75
T W 14  0 14 0.5 12.5  0
T W 16  2 15.5  2 16 3.5
T W 14.94 1.77 14.23 1.06 13.53 2.47
C W  0 12 1.75
T W  2 12  2 11.5 3.5 12
T W  0 10 0.5 10  0 8.5
T W 1.06 10.23 1.77 10.94 2.47 9.53
C W 16 12 1.75
T W 14 12 14 11.5 12.5 12
T W 16 10 15.5 10 16 8.5
T W 14.94 10.23 14.23 10.94 13.53 9.53

:top
  W  2  0 14 0.5

:bottom
  W  2 12 14 11.5

:left
  W  0  2 0.5 10

:right
  W 16  2 15.5 10
