:room
T W  3  0 2.12 2.12  0  3
T W  3  0 2.12 2.12 2.12  0
T W  0 2.12 2.12 2.12  0  3
  W  0 0.4  1 0.4
T W  3 12 2.12 9.88  0  9
T W  3 12 2.12 9.88 2.12 12
T W  0 9.88 2.12 9.88  0  9
  W  0 11.6  1 11.6
T W 13  0 13.88 2.12 16  3
T W 13  0 13.88 2.12 13.88  0
T W 16 2.12 13.88 2.12 16  3
  W 16 0.4 15 0.4
T W 13 12 13.88 9.88 16  9
T W 13 12 13.88 9.88 13.88 12
T W 16 9.88 13.88 9.88 16  9
  W 16 11.6 15 11.6
S 32 24
T W  3  0 2.12 2.12  0  3
T W  3  0 2.12 2.12 2.12  0
T W  0 2.12 2.12 2.12  0  3
T W  3 24 2.12 21.88  0 21
T W  3 24 2.12 21.88 2.12 24
T W  0 21.88 2.12 21.88  0 21
T W 29  0 29.88 2.12 32  3
T W 29  0 29.88 2.12 29.88  0
T W 32 2.12 29.88 2.12 32  3
T W 29 24 29.88 21.88 32 21
T W 29 24 29.88 21.88 29.88 24
T W 32 21.88 29.88 21.88 32 21

:top
T W  0  3  3  0 7.23  0
T W 16  3 13  0 8.77  0
  W  3  0 13  0.75

:bottom
T W  0  9  3 12 7.23 12
T W 16  9 13 12 8.77 12
  W  3 12 13 11.25

:left
T W  0  3  3  0  0 7.23
T W  0  9  3 12  0 4.77

:right
T W 16  3 13  0 16 7.23
T W 16  9 13 12 16 4.77
