:room
T W  3  0 2.12 2.12  0  3
T W 2.12  0  3  0 1.5 1.5
T W  0 2.12  0  3 1.5 1.5
T W 1.5  0 1.06 1.06  0 1.5
T W  0  0  0 1.5 1.5  0
T W 13  0 13.88 2.12 16  3
T W 13.88  0 13  0 14.5 1.5
T W 16 2.12 16  3 14.5 1.5
T W 14.5  0 14.94 1.06 16 1.5
T W 16  0 16 1.5 14.5  0
T W  3 12 2.12 9.88  0  9
T W 2.12 12  3 12 1.5 10.5
T W  0 9.88  0  9 1.5 10.5
T W 1.5 12 1.06 10.94  0 10.5
T W  0 12  0 10.5 1.5 12
T W 13 12 13.88 9.88 16  9
T W 13.88 12 13 12 14.5 10.5
T W 16 9.88 16  9 14.5 10.5
T W 14.5 12 14.94 10.94 16 10.5
T W 16 12 16 10.5 14.5 12

:top
  W 2.12  0 13.88 0.44

:bottom
  W 2.12 12 13.88 11.56

:left
  W  0 2.12 0.44 9.88

:right
  W 16 2.12 15.56 9.88
