:room
T W  3  0 2.12 2.12  0  3
T W 2.12  0  3  0 1.5 1.5
T W  0 2.12  0  3 1.5 1.5
T W 1.5  0 1.06 1.06  0 1.5
T W  0  0  0 1.5 1.5  0
T W 13  0 13.88 2.12 16  3
T W 13.88  0 13  0 14.5 1.5
T W 16 2.12 16  3 14.5 1.5
T W 14.5  0 14.94 1.06 16 1.5
T W 16  0 16 1.5 14.5  0
T W  3 12 2.12 9.88  0  9
T W 2.12 12  3 12 1.5 10.5
T W  0 9.88  0  9 1.5 10.5
T W 1.5 12 1.06 10.94  0 10.5
T W  0 12  0 10.5 1.5 12
T W 13 12 13.88 9.88 16  9
T W 13.88 12 13 12 14.5 10.5
T W 16 9.88 16  9 14.5 10.5
T W 14.5 12 14.94 10.94 16 10.5
T W 16 12 16 10.5 14.5 12
  W 2.12  0 3.5 0.44
T W 2.79 2.16 1.19 1.81 1.81 1.19
T W 2.79 2.16 1.19 1.81 2.16 2.79
  W  0 2.12 0.44 3.5
  W 13.88  0 12.5 0.44
T W 13.21 2.16 14.81 1.81 14.19 1.19
T W 13.21 2.16 14.81 1.81 13.84 2.79
  W 16 2.12 15.56 3.5
  W 2.12 12 3.5 11.56
T W 2.79 9.84 1.19 10.19 1.81 10.81
T W 2.79 9.84 1.19 10.19 2.16 9.21
  W  0 9.88 0.44 8.5
  W 13.88 12 12.5 11.56
T W 13.21 9.84 14.81 10.19 14.19 10.81
T W 13.21 9.84 14.81 10.19 13.84 9.21
  W 16 9.88 15.56 8.5

:top
  W 2.12  0 13.88 0.44

:bottom
  W 2.12 12 13.88 11.56

:left
  W  0 2.12 0.44 9.88

:right
  W 16 2.12 15.56 9.88
