:room
T W -5  0 4.556 -1.111  3  2
T W  1 11  0 12 -3 10
T W 4.556 10.889  1 10  3 14
T W  1 10  0 12  2 12
T W 21 12 11.444 13.111 13 10
T W 15  1 16  0 19  2
T W 11.444 1.111 15  2 13 -2
T W 15  2 16  0 14  0

:top
T W -1  0  8  0  7  2
T W  3  0 12  0 11  2
T W  7  0 16  0 15  2
T W 11  0 20  0 19  2

:bottom
T W 17 12 16 12 17 10
T W 21 12 12 12 13 10
T W 17 12  8 12  9 10
T W 13 12  4 12  5 10
T W  9 12  0 12  1 10
T W  5 12 -4 12 -3 10

:left
T W  0 17  0  8  2  9
T W  0 13  0  4  2  5
T W  0  9  0  0  2  1
T W  0  5  0 -4  2 -3

:right
T W 16 -5 16  4 14  3
T W 16 -1 16  8 14  7
T W 16  3 16 12 14 11
T W 16  7 16 16 14 15
