:room
C W  0  0  3
C W  3  0  2
C W 16  0  3
C W 13  0  2
C W  0 12  3
C W  3 12  2
C W 16 12  3
C W 13 12  2
C W  0.7 10.5 1.2  0  0  0  2
C W 16.7 10.5 1.2  0  0  0  2
C W  4 0.5 0.8  0  0  0  2
C W  4 12.5 0.8  0  0  0  2
C W 12 -0.5 0.8  0   0   0  2
C W 12 11.5 0.8  0   0   0  2

:top
C W  5  1  2
C W  8 -1  2
C W 10  0  2
C W  6 1.5 0.8  0  0  0  2
C W 10 1.1 0.8  0  0  0  2
C W  4 0.5 0.8  0  0  0  2
C W  4 12.5 0.8  0  0  0  2

:bottom
C W  5 13  2
C W  8 11  2
C W 10 12  2
C W 12 10  1
C W  6 11  1
C W 12 9.7 0.6  0  0  0  2
C W  5.8 10.8 0.6  0  0  0  2
C W  9 10.5 0.8  0  0  0  2
C W  4 0.5 0.8  0  0  0  2
C W  4 12.5 0.8  0  0  0  2
C W 12 -0.5 0.8  0   0   0  2
C W 12 11.5 0.8  0   0   0  2

:left
C W -1  3  2
C W  0  5  2
C W  1  7  1
C W  1  9  2
C W  0.7 10.5 1.2  0  0  0  2
C W -0.1 2.4 0.8  0  0  0  2
C W  1.3 7 0.6  0  0  0  2
C W  2 8.5 0.8  0  0  0  2

:right
C W 15  3  2
C W 16  5  2
C W 17  7  1
C W 17  9  2
C W 15  7  1
C W 16.7 10.5 1.2  0  0  0  2
C W 15.9 2.4 0.8  0  0  0  2
C W 15 5.4 0.8  0  0  0  2
C W 14.8 7.2 0.6  0  0  0  2
