:room
  W 0.1 0.1 0.1 0.1
C W  0  0  1.613 1.113
C W 2.613  0  1 0.5
C W 1.848 1.848  1 0.5
C W  0 2.613  1 0.5
  W 15.9 0.1 15.9 0.1
C W 16  0 1.613 1.113
C W 13.387  0  1 0.5
C W 14.152 1.848  1 0.5
C W 16 2.613  1 0.5
  W 0.1 11.9 0.1 11.9
C W  0 12 1.613 1.113
C W 2.613 12  1 0.5
C W 1.848 10.152  1 0.5
C W  0 9.387  1 0.5
  W 15.9 11.9 15.9 11.9
C W 16 12 1.613 1.113
C W 13.387 12  1 0.5
C W 14.152 10.152  1 0.5
C W 16 9.387  1 0.5

:top
  W  0  0 16  0
  W 4.613 0.5 11.387  1
C W 4.613  0  1 0.5 180 270
C W 11.387  0  1 0.5  90 180

:bottom
  W  0 12 16 12
  W 4.613 11.5 11.387 11
C W 4.613 12  1 0.5 270   0
C W 11.387 12  1 0.5   0  90

:left
  W  0  0  0 12
  W 0.5 4.613  1 7.387
C W  0 4.613  1 0.5   0  90
C W  0 7.387  1 0.5  90 180

:right
  W 16  0 16 12
  W 15.5 4.613 15 7.387
C W 16 4.613  1 0.5 270   0
C W 16 7.387  1 0.5 180 270
