:room
C W  4  0  1 0.5  90 180
C W  0  2  1 0.5  90 180
  W 0.5 0.5  4  1
  W 0.5 0.5  1  2
  W  0  0  0  0
C W  4 12  1 0.5   0  90
C W  0 10  1 0.5   0  90
  W 0.5 11.5  4 11
  W 0.5 11.5  1 10
  W  0 12  0 12
C W 12  0  1 0.5 180 270
C W 16  2  1 0.5 180 270
  W 15.5 0.5 12  1
  W 15.5 0.5 15  2
  W 16  0 16  0
C W 12 12  1 0.5 270   0
C W 16 10  1 0.5 270   0
  W 15.5 11.5 12 11
  W 15.5 11.5 15 10
  W 16 12 16 12

:top
C W  6  0  1 0.5 180 270
C W 10  0  1 0.5  90 180
  W  6 0.5 10  1

:bottom
C W 10 12  1 0.5   0  90
C W  6 12  1 0.5 270   0
  W 10 11.5  6 11

:left
C W  0  4  1 0.5   0  90
C W  0  8  1 0.5  90 180
  W 0.5  4  1  8

:right
C W 16  8  1 0.5 180 270
C W 16  4  1 0.5 270   0
  W 15.5  8 15  4
