:room
C W  0  0  4
C W  0  0  1 0.5  0  0  6
C W  0  0  2 1.5  0  0  6
C W  0  0  3 2.5  0  0  6
C W 16  0  4
C W 16  0  1 0.5   0   0  6
C W 16  0  2 1.5   0   0  6
C W 16  0  3 2.5   0   0  6
C W 16 12  4
C W 16 12  1 0.5   0   0  6
C W 16 12  2 1.5   0   0  6
C W 16 12  3 2.5   0   0  6
C W  0 12  4
C W  0 12  1 0.5   0   0  6
C W  0 12  2 1.5   0   0  6
C W  0 12  3 2.5   0   0  6

:top
  W  3  0 13 1.5
  W 2.5 0.25 13.5 0.75  6

:bottom
  W 13 12  3 10.5
  W 13.5 11.75 2.5 11.25  6

:left
  W  0  3 1.5  9
  W 0.25 2.5 0.75 9.5  6

:right
  W 16  9 14.5  3
  W 15.75 9.5 15.25 2.5  6
