:room
T W  0  0  2  0  0  2
T W 16  0 14  0 16  2
T W  0 12  2 12  0 10
T W 16 12 14 12 16 10

:top
T W -1  0  1  0  0  1
T W  1  0  3  0  2  1
T W  3  0  5  0  4  1
T W  5  0  7  0  6  1
T W  7  0  9  0  8  1
T W  9  0 11  0 10  1
T W 11  0 13  0 12  1
T W 13  0 15  0 14  1
T W 15  0 17  0 16  1

:bottom
T W  0 12  2 12  1 11
T W  2 12  4 12  3 11
T W  4 12  6 12  5 11
T W  6 12  8 12  7 11
T W  8 12 10 12  9 11
T W 10 12 12 12 11 11
T W 12 12 14 12 13 11
T W 14 12 16 12 15 11

:left
T W  0  0  1  1  0  2
T W  0  2  1  3  0  4
T W  0  4  1  5  0  6
T W  0  6  1  7  0  8
T W  0  8  1  9  0 10
T W  0 10  1 11  0 12

:right
T W 16 -1 15  0 16  1
T W 16  1 15  2 16  3
T W 16  3 15  4 16  5
T W 16  5 15  6 16  7
T W 16  7 15  8 16  9
T W 16  9 15 10 16 11
T W 16 11 15 12 16 13
