:room
T W  0 -1  3  2  2  3
T W  0 -1 -1  0  2  3
T W  0 13  3 10  2  9
T W  0 13 -1 12  2  9
T W 16 13 13 10 14  9
T W 16 13 17 12 14  9
T W 16 -1 13  2 14  3
T W 16 -1 17  0 14  3

:top
  W  0  0 16  0
T W  4 -1  7  2  6  3
T W  4 -1  3  0  6  3
T W  4 -1  1  2  2  3
T W  4 -1  5  0  2  3
T W  8 -1 11  2 10  3
T W  8 -1  7  0 10  3
T W  8 -1  5  2  6  3
T W  8 -1  9  0  6  3
T W 12 -1  9  2 10  3
T W 12 -1 13  0 10  3
T W 12 -1 15  2 14  3
T W 12 -1 11  0 14  3

:bottom
  W  0 12 16 12
T W  4 13  7 10  6  9
T W  4 13  3 12  6  9
T W  4 13  1 10  2  9
T W  4 13  5 12  2  9
T W  8 13 11 10 10  9
T W  8 13  7 12 10  9
T W  8 13  5 10  6  9
T W  8 13  9 12  6  9
T W 12 13  9 10 10  9
T W 12 13 13 12 10  9
T W 12 13 15 10 14  9
T W 12 13 11 12 14  9

:left
  W  0  0  0 12
T W  0  3  3  6  2  7
T W  0  3 -1  4  2  7
T W  0  5  3  2  2  1
T W  0  5 -1  4  2  1
T W  0  9  3  6  2  5
T W  0  9 -1  8  2  5
T W  0  7  3 10  2 11
T W  0  7 -1  8  2 11

:right
  W 16  0 16 12
T W 16  3 13  6 14  7
T W 16  3 17  4 14  7
T W 16  5 13  2 14  1
T W 16  5 17  4 14  1
T W 16  9 13  6 14  5
T W 16  9 17  8 14  5
T W 16  7 13 10 14 11
T W 16  7 17  8 14 11
