:room
C G 0 0 3 0 0 0 1
C G 16 0 3 0 0 0 1
C G 16 12 3 0 0 0 1
C G 0 12 3 0 0 0 1
T W 16.17 11.75 15.83 12.25 14.94 10.89 1
T W 15.83 12.25 14.60 11.39 14.94 10.89 1
T W 15.83 0.25 14.60 -0.61 14.94 -1.11 1
T W 0.17 11.75 -0.17 12.25 -1.06 10.89 1
T W 0.10 12.17 -0.10 11.83 1.83 11.17 1
T W 1.83 11.17 -0.10 11.83 1.63 10.83 1
T W 0.10 0.17 -0.10 -0.17 1.83 -0.83 1
C W 0 0 0.4 0 0 0 6
C W 0 0 3.4 3 0 0 6
C W 0 0 2.8 2.3 90 93 1
C W 0 0 2.8 2.3 117 123 1
C W 0 0 2.8 2.3 147 153 1
C W 0 0 2.8 2.3 177 180 1
C W 16 0 0.4 0 0 0 6
C W 16 0 3.4 3 0 0 6
C W 16 0 2.8 2.3 267 270 1
C W 16 0 2.8 2.3 237 243 1
C W 16 0 2.8 2.3 207 213 1
C W 16 0 2.8 2.3 180 183 1
C W 0 12 0.4 0 0 0 6
C W 0 12 3.4 3 0 0 6
C W 0 12 2.8 2.3 87 90 1
C W 0 12 2.8 2.3 57 63 1
C W 0 12 2.8 2.3 27 33 1
C W 0 12 2.8 2.3 0 3 1
C W 16 12 0.4 0 0 0 6
C W 16 12 3.4 3 0 0 6
C W 16 12 2.8 2.3 270 273 1
C W 16 12 2.8 2.3 297 303 1
C W 16 12 2.8 2.3 327 333 1
C W 16 12 2.8 2.3 357 0 1
W 0 0.5 2 0.5
W 0 1.5 2 1.5
W 1 12 2 12
W 0 10.6 1 10.6
W 16 0.5 14 0.5
W 16 1.5 14 1.5
T W 16 10.25 14 12 14 12

:top
W 3 1 13 0.5 6
G 3 0 13 1 1

:bottom
W 3 11 13 11.5 6
G 3 12 13 11 1

:left
W 1 3 0.5 9 6
G 0 3 1 9 1

:right
W 15 3 15.5 9 6
G 16 3 15 9 1
