:room
T W 0 9 1.76 14.43 -1.76 14.43
T W -2.85 11.07 2.85 11.07 -1.76 14.43
T W -2.85 -0.93 2.85 -0.93 -1.76 2.43
T W 0 -3 1.76 2.43 -2.85 -0.93
T W 14.24 2.43 16 -3 18.85 -0.93
T W 13.15 -0.93 18.85 -0.93 17.76 2.43
T W 13.15 11.07 18.85 11.07 17.76 14.43
T W 16 9 17.76 14.43 14.24 14.43

:top
T W 1.44 2.43 3.2 -3 6.05 -0.93
T W 4.96 2.43 3.2 -3 0.35 -0.93
T W 4.64 2.43 6.4 -3 9.25 -0.93
T W 8.16 2.43 6.4 -3 3.55 -0.93
T W 14.56 2.43 12.8 -3 9.95 -0.93
T W 11.04 2.43 12.8 -3 15.65 -0.93
T W 11.36 2.43 9.6 -3 6.75 -0.93
T W 7.84 2.43 9.6 -3 12.45 -0.93

:bottom
T W 1.44 14.43 3.2 9 4.96 14.43
T W 0.35 11.07 3.2 13.147 6.05 11.07
T W 4.64 14.43 6.4 9 8.16 14.43
T W 3.52 11.07 6.4 13.147 9.25 11.07
T W 14.56 14.43 12.8 9 11.04 14.43
T W 15.65 11.07 12.8 13.147 9.95 11.07
T W 11.36 14.43 9.6 9 7.84 14.43
T W 12.48 11.07 9.6 13.147 6.75 11.07

:left
T W 0 1 1.44 6.43 -2.85 3.07
T W 2.85 3.07 -1.44 6.4 -2.85 3.07
T W 0 5 1.44 10.43 -2.85 7.07
T W 2.85 7.07 -1.44 10.4 -2.85 7.07

:right
T W 16 1 14.56 6.43 18.85 3.07
T W 13.15 3.07 17.44 6.4 18.85 3.07
T W 16 5 14.56 10.43 18.85 7.07
T W 13.15 7.07 17.44 10.4 18.85 7.07
