:room
C G 0 0 3 0 0 0 1
C G 16 0 3 0 0 0 1
C G 16 12 3 0 0 0 1
C G 0 12 3 0 0 0 1
C W 0 0 3.4 3 0 0 6
C W 16 0 3.4 3 0 0 6
C W 16 12 3.4 3 0 0 6
C W 0 12 3.4 3 0 0 6
T W 0 9 1.76 14.43 -1.76 14.43 6
T W -2.85 11.07 2.85 11.07 -1.76 14.43 6
T W -2.85 -0.93 2.85 -0.93 -1.76 2.43 6
T W 0 -3 1.76 2.43 -2.85 -0.93 6
T W 14.24 2.43 16 -3 18.85 -0.93 6
T W 13.15 -0.93 18.85 -0.93 17.76 2.43 6
T W 13.15 11.07 18.85 11.07 17.76 14.43 6
T W 16 9 17.76 14.43 14.24 14.43 6
W 2 0 2 2
W 0 10.07 2 10.07
W 0 2 1 2
W 14 0 14 2
W 2 12 2 11
W 16 10.07 14 10.07
W 16 2 15 2
W 14 12 14 11

:top
W 3 0.2 13 0.6 6
G 3 0 13 0.2 1

:bottom
W 3 11.8 13 11.4 6
G 3 12 13 11.8 1

:left
W 0.2 3 0.6 9 6
G 0 3 0.2 9 1

:right
W 15.8 3 15.4 9 6
G 16 3 15.8 9 1
