:room
C W 0 0 0.167 0
C W 0 0 0.271 0.171
C W 0 0 0.438 0.338
C W 0 0 0.708 0.608
C W 0 0 1.15 1.05
C W 0 0 1.85 1.75
C W 0 0 3 2.9
W 2 0 2 2
W 0 2 2 2
C W 16 0 0.167
C W 16 0 0.271 0.171
C W 16 0 0.438 0.338
C W 16 0 0.708 0.608
C W 16 0 1.15 1.05
C W 16 0 1.85 1.75
C W 16 0 3 2.9
W 14 0 14 2
W 16 2 14 2
C W 16 12 0.167
C W 16 12 0.271 0.171
C W 16 12 0.438 0.338
C W 16 12 0.708 0.608
C W 16 12 1.15 1.05
C W 16 12 1.85 1.75
C W 16 12 3 2.9
W 14 12 14 10
W 16 10 14 10
C W 0 12 0.167
C W 0 12 0.271 0.171
C W 0 12 0.438 0.338
C W 0 12 0.708 0.608
C W 0 12 1.15 1.05
C W 0 12 1.85 1.75
C W 0 12 3 2.9
W 2 12 2 10
W 0 10 2 10

:top
W 2.9 0 13.1 0.167
W 2.9 0.171 13.1 0.271
W 2.9 0.338 13.1 0.438
W 2.9 0.608 13.1 0.708
W 2.7 1.05 13.3 1.15
W 2.32 1.75 13.68 1.85
W 0 1 16 1

:bottom
W 13.1 12 2.9 11.833
W 13.1 11.829 2.9 11.729
W 13.1 11.662 2.9 11.562
W 13.1 11.392 2.9 11.292
W 13.3 10.95 2.7 10.85
W 13.68 10.25 2.32 10.15
W 16 11 0 11

:left
W 0 2.9 0.167 9.1
W 0.171 2.9 0.271 9.1
W 0.338 2.9 0.438 9.1
W 0.608 2.9 0.708 9.1
W 1.05 2.7 1.15 9.3
W 1.75 2.32 1.85 9.68

:right
W 16 9.1 15.833 2.9
W 15.829 9.1 15.729 2.9
W 15.662 9.1 15.562 2.9
W 15.392 9.1 15.292 2.9
W 14.95 9.3 14.85 2.7
W 14.25 9.68 14.15 2.32
