:room
S 1024 768
T W 0 0 192 0 0 192
T W 96 96 192 96 96 192
T W 144 144 192 144 144 192
T W 168 168 192 168 168 192
T W 180 180 192 180 180 192
T W 186 186 192 186 186 192
T W 189 189 192 189 189 192
T W 1024 0 832 0 1024 192
T W 928 96 832 96 928 192
T W 880 144 832 144 880 192
T W 856 168 832 168 856 192
T W 844 180 832 180 844 192
T W 838 186 832 186 838 192
T W 835 189 832 189 835 192
T W 0 768 192 768 0 576
T W 96 672 192 672 96 576
T W 144 624 192 624 144 576
T W 168 600 192 600 168 576
T W 180 588 192 588 180 576
T W 186 582 192 582 186 576
T W 189 579 192 579 189 576
T W 1024 768 832 768 1024 576
T W 928 672 832 672 928 576
T W 880 624 832 624 880 576
T W 856 600 832 600 856 576
T W 844 588 832 588 844 576
T W 838 582 832 582 838 576
T W 835 579 832 579 835 576

:top
S 1024 768
T W 384 0 512 128 640 0
T W 192 0 288 0 192 96
T W 288 0 336 0 288 48
T W 336 0 360 0 336 24
T W 360 0 372 0 360 12
T W 372 0 378 0 372 6
T W 378 0 381 0 378 3
T W 832 0 736 0 832 96
T W 736 0 688 0 736 48
T W 688 0 664 0 688 24
T W 664 0 652 0 664 12
T W 652 0 646 0 652 6
T W 646 0 643 0 646 3

:bottom
S 1024 768
T W 384 768 512 640 640 768
T W 192 768 288 768 192 672
T W 288 768 336 768 288 720
T W 336 768 360 768 336 744
T W 360 768 372 768 360 756
T W 372 768 378 768 372 762
T W 378 768 381 768 378 765
T W 832 768 736 768 832 672
T W 736 768 688 768 736 720
T W 688 768 664 768 688 744
T W 664 768 652 768 664 756
T W 652 768 646 768 652 762
T W 646 768 643 768 646 765

:left
S 1024 768
T W 0 192 0 288 96 192
T W 0 288 0 336 48 288
T W 0 336 0 360 24 336
T W 0 360 0 372 12 360
T W 0 372 0 378 6 372
T W 0 378 0 381 3 378
T W 0 576 0 480 96 576
T W 0 480 0 432 48 480
T W 0 432 0 408 24 432
T W 0 408 0 396 12 408
T W 0 396 0 390 6 396
T W 0 390 0 387 3 390

:right
S 1024 768
T W 1024 192 1024 288 928 192
T W 1024 288 1024 336 976 288
T W 1024 336 1024 360 1000 336
T W 1024 360 1024 372 1012 360
T W 1024 372 1024 378 1018 372
T W 1024 378 1024 381 1021 378
T W 1024 576 1024 480 928 576
T W 1024 480 1024 432 976 480
T W 1024 432 1024 408 1000 432
T W 1024 408 1024 396 1012 408
T W 1024 396 1024 390 1018 396
T W 1024 390 1024 387 1021 390
