:room
W 0 0 1 0.25
W 3 0 5 0.25
W 11 0 13 0.25
W 15 0 16 0.25
W 1 0.75 3 0.25
W 13 0.75 15 0.25
W 0 0.75 1 1.25
W 3 0.75 5 1.25
W 11 0.75 13 1.25
W 15 0.75 16 1.25
W 1 1.75 3 1.25
W 13 1.75 15 1.25
W 0 12 1 11.75
W 3 12 5 11.75
W 11 12 13 11.75
W 15 12 16 11.75
W 1 11.25 3 11.75
W 13 11.25 15 11.75
W 0 11.25 1 10.75
W 3 11.25 5 10.75
W 11 11.25 13 10.75
W 15 11.25 16 10.75
W 1 10.25 3 10.75
W 13 10.25 15 10.75

:top
W 7 0 9 0.25
W 5 0.75 7 0.25
W 9 0.75 11 0.25
W 7 0.75 9 1.25
W 5 1.75 7 1.25
W 9 1.75 11 1.25

:bottom
W 7 12 9 11.75
W 5 11.25 7 11.75
W 9 11.25 11 11.75
W 7 11.25 9 10.75
W 5 10.25 7 10.75
W 9 10.25 11 10.75

:left
W 0 1.75 1 2.25
W 0 2.75 1 3.25
W 0 3.75 1 4.25
W 0 4.75 1 5.25
W 0 5.75 1 6.25
W 0 6.75 1 7.25
W 0 7.75 1 8.25
W 0 8.75 1 9.25
W 0 9.75 1 10.25
W 1 2.25 3 2.75
W 1 3.25 3 3.75
W 1 4.25 3 4.75
W 1 5.25 3 5.75
W 1 6.25 3 6.75
W 1 7.25 3 7.75
W 1 8.25 3 8.75
W 1 9.25 3 9.75
W 3 1.75 5 2.25
W 3 9.75 5 10.25

:right
W 16 1.75 15 2.25
W 16 2.75 15 3.25
W 16 3.75 15 4.25
W 16 4.75 15 5.25
W 16 5.75 15 6.25
W 16 6.75 15 7.25
W 16 7.75 15 8.25
W 16 8.75 15 9.25
W 16 9.75 15 10.25
W 15 2.25 13 2.75
W 15 3.25 13 3.75
W 15 4.25 13 4.75
W 15 5.25 13 5.75
W 15 6.25 13 6.75
W 15 7.25 13 7.75
W 15 8.25 13 8.75
W 15 9.25 13 9.75
W 13 1.75 11 2.25
W 13 9.75 11 10.25
