:room
C W  0  0  1.2 0 0 0 3
C W  0  0  3 1.5  90 100  3
C W  0  0  3 1.5 110 130  4
C W  0  0  3 1.5 140 160  3
C W  0  0  3 1.5 170 180  4
C W 16  0 1.2 0 0 0 4
C W 16  0  3 1.5 260 270  3
C W 16  0  3 1.5 230 250  4
C W 16  0  3 1.5 200 220  3
C W 16  0  3 1.5 180 190  4
C W 16 12 1.2 0 0 0 3
C W 16 12  3 1.5 270 280  3
C W 16 12  3 1.5 290 310  4
C W 16 12  3 1.5 320 340  3
C W 16 12  3 1.5 350   0  4
C W  0 12 1.2 0 0 0 4
C W  0 12  3 1.5  80  90  3
C W  0 12  3 1.5  50  70  4
C W  0 12  3 1.5  20  40  3
C W  0 12  3 1.5   0  10  4

:top
C W  0  0  8.1234 1.5  90 100
C W 16  0  8.1234 1.5 260 270

:bottom
C W 16 12 8.1234 1.5 270 280
C W  0 12 8.1234 1.5  80  90

:left
C W  0  0  6.0926 1.5 170 180
C W  0 12  6.0926 1.5   0  10

:right
C W 16 12 6.0926 1.5 350   0
C W 16  0 6.0926 1.5 180 190
