:room
C W 0 0 4.0 0 90 99
C W 0 0 3.8 0 99 117
C W 0 0 3.6 0 117 135
C W 0 0 3.4 0 135 153
C W 0 0 3.2 0 153 171
C W 0 0 3.0 0 171 180
C W 16 0 4 0 261 270
C W 16 0 3.8 0 243 261
C W 16 0 3.6 0 225 243
C W 16 0 3.4 0 207 225
C W 16 0 3.2 0 189 207
C W 16 0 3 0 180 189
C W 0 12 4 0 81 90
C W 0 12 3.8 0 63 81
C W 0 12 3.6 0 45 63
C W 0 12 3.4 0 27 45
C W 0 12 3.2 0 9 27
C W 0 12 3 0 0 9
C W 16 12 4 0 270 279
C W 16 12 3.8 0 279 297
C W 16 12 3.6 0 297 315
C W 16 12 3.4 0 315 333
C W 16 12 3.2 0 333 351
C W 16 12 3 0 351 0

:top
W 0 0 16 0.2
W 0 0 7 0.4
W 0 0 5 0.6
W 0 0 3 0.8
W 16 0 9 0.4
W 16 0 11 0.6
W 16 0 13 0.8

:bottom
W 0 12 16 11.8
W 0 12 7 11.6
W 0 12 5 11.4
W 0 12 3 11.2
W 16 12 9 11.6
W 16 12 11 11.4
W 16 12 13 11.2

:left
W 0 0 0.2 12
W 0 4 0.4 8
W 0 5 0.6 7

:right
W 16 0 15.8 12
W 16 4 15.6 8
W 16 5 15.4 7
