:room
S 160 120
W 1 1 9 9 3
W 11 1 19 9 4
W 21 1 29 9 3
W 31 1 39 9 4
W 1 11 9 19 4
W 11 11 19 19 3
W 21 11 29 19 4
W 31 11 39 19 3
W 1 21 9 29 3
W 11 21 19 29 4
W 1 119 9 111 4
W 11 119 19 111 3
W 21 119 29 111 4
W 31 119 39 111 3
W 1 109 9 101 3
W 11 109 19 101 4
W 21 109 29 101 3
W 31 109 39 101 4
W 1 99 9 91 4
W 11 99 19 91 3
W 159 1 151 9 4
W 149 1 141 9 3
W 139 1 131 9 4
W 129 1 121 9 3
W 159 11 151 19 3
W 149 11 141 19 4
W 139 11 131 19 3
W 129 11 121 19 4
W 159 21 151 29 4
W 149 21 141 29 3
W 159 119 151 111 3
W 149 119 141 111 4
W 139 119 131 111 3
W 129 119 121 111 4
W 159 109 151 101 4
W 149 109 141 101 3
W 139 109 131 101 4
W 129 109 121 101 3
W 159 99 151 91 3
W 149 99 141 91 4

:top
S 160 120
W 41 1 49 9 3
W 51 1 59 9 4
W 61 1 69 9 3
W 71 1 79 9 4
W 81 1 89 9 3
W 91 1 99 9 4
W 101 1 109 9 3
W 111 1 119 9 4
W 41 11 49 19 4
W 51 11 59 19 3
W 61 11 69 19 4
W 71 11 79 19 3
W 81 11 89 19 4
W 91 11 99 19 3
W 101 11 109 19 4
W 111 11 119 19 3

:bottom
S 160 120
W 41 119 49 111 4
W 51 119 59 111 3
W 61 119 69 111 4
W 71 119 79 111 3
W 81 119 89 111 4
W 91 119 99 111 3
W 101 119 109 111 4
W 111 119 119 111 3
W 41 109 49 101 3
W 51 109 59 101 4
W 61 109 69 101 3
W 71 109 79 101 4
W 81 109 89 101 3
W 91 109 99 101 4
W 101 109 109 101 3
W 111 109 119 101 4

:left
S 160 120
W 1 31 9 39 4
W 1 41 9 49 3
W 1 51 9 59 4
W 1 61 9 69 3
W 1 71 9 79 4
W 1 81 9 89 3
W 11 31 19 39 3
W 11 41 19 49 4
W 11 51 19 59 3
W 11 61 19 69 4
W 11 71 19 79 3
W 11 81 19 89 4

:right
S 160 120
W 159 31 151 39 3
W 159 41 151 49 4
W 159 51 151 59 3
W 159 61 151 69 4
W 159 71 151 79 3
W 159 81 151 89 4
W 149 31 141 39 4
W 149 41 141 49 3
W 149 51 141 59 4
W 149 61 141 69 3
W 149 71 141 79 4
W 149 81 141 89 3
