:room
C W 2.28 5.5 7 3.22 315 0
C W 5.5 2.28 7 3.22 270 0
C W 2.28 6.5 7 3.22 180 225
C W 5.5 9.72 7 3.22 180 270
C W 13.72 5.5 7 3.22 0 45
C W 10.5 2.28 7 3.22 0 90
C W 13.72 6.5 7 3.22 135 180
C W 10.5 9.72 7 3.22 90 180

:top
C W 4.56 4.56 7 3.22 315 0
C W 11.44 4.56 7 3.22 0 45
W 4.56 0 11.44 1.34

:bottom
C W 4.56 7.44 7 3.22 180 225
C W 11.44 7.44 7 3.22 135 180
W 4.56 12 11.44 10.66

:left
C W 4.56 4.56 7 3.22 270 315
C W 4.56 7.44 7 3.22 225 270
W 0 4.56 1.34 7.44

:right
C W 11.44 4.56 7 3.22 45 90
C W 11.44 7.44 7 3.22 90 135
W 16 4.56 14.66 7.44
