:room
C W 2 2 2 1
T W 2 0 0 0 0 2
T W 2 0 4 0 4 2
T W 2 4 0 2 0 4
W 1 2 3 2
C W 2 10 2 1
T W 2 12 0 12 0 10
T W 2 12 4 12 4 10
T W 2 8 0 10 0 8
W 1 10 3 10
C W 14 2 2 1
T W 14 0 16 0 16 2
T W 14 0 12 0 12 2
T W 14 4 16 2 16 4
W 15 2 13 2
C W 14 10 2 1
T W 14 12 16 12 16 10
T W 14 12 12 12 12 10
T W 14 8 16 10 16 8
W 15 10 13 10

:top
W 0 0 16 1
C W 5 2 2 1 270 0
C W 11 2 2 1 0 90

:bottom
W 0 12 16 11
C W 5 10 2 1 180 270
C W 11 10 2 1 90 180

:left
W 0 0 1 12
C W 2 5 2 1 270 0
C W 2 7 2 1 180 270

:right
W 16 0 15 12
C W 14 5 2 1 0 90
C W 14 7 2 1 90 180
