:room
C W 2.855 2.57  4 2.42 270   0
C W 13.145 2.57  4 2.42   0  90
C W 2.855 9.43  4 2.42 180 270
C W 13.145 9.43  4 2.42  90 180

:top
C W 2.855 2.57  4 2.42   0  45
C W 6.285 2.57  4 2.42 315  45
C W 13.145 2.57  4 2.42 315   0
C W 9.715 2.57  4 2.42 315  45

:bottom
C W 13.145 9.43  4 2.42 180 225
C W 9.715 9.43  4 2.42 135 225
C W 2.855 9.43  4 2.42 135 180
C W 6.285 9.43  4 2.42 135 225

:left
C W 2.855 2.57  4 2.42 225   0
C W 2.855  6  4 2.42 225 315
C W 2.855 9.43  4 2.42 180 315

:right
C W 13.145 9.43  4 2.42  45 180
C W 13.145  6  4 2.42  45 135
C W 13.145 2.57  4 2.42   0 135
