:room
T W  2 -1 -1  2  0  3
T W  2 -1  3  0  0  3
T W 14 -1 17  2 16  3
T W 14 -1 13  0 16  3
T W  2 13 -1 10  0  9
T W  2 13  3 12  0  9
T W 14 13 17 10 16  9
T W 14 13 13 12 16  9

:top
  W  0  0 16  0
T W  2 -1  5  2  4  3
T W  2 -1  1  0  4  3
T W  6 -1  9  2  8  3
T W  6 -1  5  0  8  3
T W  6 -1  3  2  4  3
T W  6 -1  7  0  4  3
T W 14 -1 11  2 12  3
T W 14 -1 15  0 12  3
T W 10 -1  7  2  8  3
T W 10 -1 11  0  8  3
T W 10 -1 13  2 12  3
T W 10 -1  9  0 12  3

:bottom
  W  0 12 16 12
T W  2 13  5 10  4  9
T W  2 13  1 12  4  9
T W  6 13  9 10  8  9
T W  6 13  5 12  8  9
T W  6 13  3 10  4  9
T W  6 13  7 12  4  9
T W 14 13 11 10 12  9
T W 14 13 15 12 12  9
T W 10 13  7 10  8  9
T W 10 13 11 12  8  9
T W 10 13 13 10 12  9
T W 10 13  9 12 12  9

:left
  W  0  0  0 12
T W  0  1  3  4  2  5
T W  0  1 -1  2  2  5
T W  0  7  3  4  2  3
T W  0  7 -1  6  2  3
T W  0 11  3  8  2  7
T W  0 11 -1 10  2  7
T W  0  5  3  8  2  9
T W  0  5 -1  6  2  9

:right
  W 16  0 16 12
T W 16  1 13  4 14  5
T W 16  1 17  2 14  5
T W 16  7 13  4 14  3
T W 16  7 17  6 14  3
T W 16 11 13  8 14  7
T W 16 11 17 10 14  7
T W 16  5 13  8 14  9
T W 16  5 17  6 14  9
