:room
T W  1  1  0  0  3  0
T W  1  1  0  0  0  3
T W 15  1 16  0 13  0
T W 15  1 16  0 16  3
T W  1 11  0 12  3 12
T W  1 11  0 12  0  9
T W 15 11 16 12 13 12
T W 15 11 16 12 16  9
T W  2.12 2.12 1.41  0  0  1.41
T W 13.88 2.12 14.59  0 16 1.41
T W 2.12 9.88 1.41 12  0 10.59
T W 13.88 9.88 14.59 12 16 10.59

:top
T W  3  1  1  0  5  0
T W  5  1  3  0  7  0
T W  7  1  5  0  9  0
T W  9  1  7  0 11  0
T W 11  1 13  0  9  0
T W 13  1 15  0 11  0

:bottom
T W  2 11  0 12  4 12
T W  4 11  2 12  6 12
T W  6 11  4 12  8 12
T W  8 11  6 12 10 12
T W 10 11 12 12  8 12
T W 12 11 14 12 10 12
T W 14 11 16 12 12 12

:left
T W  1  3  0  1  0  5
T W  1  5  0  3  0  7
T W  1  7  0  5  0  9
T W  1  9  0 11  0  7

:right
T W 15  2 16  0 16  4
T W 15  4 16  2 16  6
T W 15  6 16  4 16  8
T W 15  8 16 10 16  6
T W 15 10 16 12 16  8

