:room
C W  0  0  2.6
T W  3.5  3.5  1  0  0  1
C W  0 12 2.6
T W 3.5 8.5  1 12  0 11
C W 16  0 2.6
T W 12.5 3.5 15  0 16  1
C W 16 12 2.6
T W 12.5 8.5 15 12 16 11

:top
C W  5  0  1
T W  2.6  0  5  0  5  0.4
T W  4.6  0  5.4  0  5  2.4
T W  5  0  5  0.4  7.4  0
C W 11  0  1
T W 13.4  0 11  0 11 0.4
T W 11.4  0 10.6  0 11 2.4
T W 11  0 11 0.4 8.6  0
C W  8  0  0.6
T W  7.75  0  8  0.25  7  1
T W 8.25  0  8 0.25  9  1

:bottom
C W  5 12  1
T W 2.6 12  5 12  5 11.6
T W 4.6 12 5.4 12  5 9.6
T W  5 12  5 11.6 7.4 12
C W 11 12  1
T W 13.4 12 11 12 11 11.6
T W 11.4 12 10.6 12 11 9.6
T W 11 12 11 11.6 8.6 12
C W  8 12 0.6
T W 7.75 12  8 11.75  7 11
T W 8.25 12  8 11.75  9 11

:left
C W  0  4  0.6
T W  0  2.6  0  4  0.25  4
T W  0  5.4  0  4  0.25  4
T W  0  3.75  0  4.25  1.4  4
C W  0  8 0.6
T W  0 9.4  0  8 0.25  8
T W  0 6.6  0  8 0.25  8
T W  0 8.25  0 7.75 1.4  8
C W  0  6  0.6
T W  0 5.75  0.25  6  1  5
T W  0 6.25 0.25  6  1  7

:right
C W 16  4 0.6
T W 16 2.6 16  4 15.75  4
T W 16 5.4 16  4 15.75  4
T W 16 3.75 16 4.25 14.6  4
C W 16  8 0.6
T W 16 9.4 16  8 15.75  8
T W 16 6.6 16  8 15.75  8
T W 16 8.25 16 7.75 14.6  8
C W 16  6 0.6
T W 16 5.75 15.75  6 15  5
T W 16 6.25 15.75  6 15  7

