:room
C W  0  0  4  3  90 180
C W  0  0  3  0  90  95
C W  0  0  3  0 115 125
C W  0  0  3  0 145 155
C W  0  0  3  0 175 180
C W 16  0  4  3 180 270
C W 16  0  3  0 265 270
C W 16  0  3  0 235 245
C W 16  0  3  0 205 215
C W 16  0  3  0 180 185
C W  0 12  4  3   0  90
C W  0 12  3  0  85  90
C W  0 12  3  0  55  65
C W  0 12  3  0  25  35
C W  0 12  3  0   0   5
C W 16 12  4  3 270   0
C W 16 12  3  0 270 275
C W 16 12  3  0 295 305
C W 16 12  3  0 325 335
C W 16 12  3  0 355   0

:top
  W  3  0 13  0.5

:bottom
  W  3 12 13 11.5

:left
  W  0  3  0.5  9

:right
  W 16  3 15.5  9

