:room
C W  0 -0.2  1
C W  0 -0.2  5  1.5  90 150
C W  0 11.8  1
C W  0 11.8  5  1.5  90 150
C W  0 11.8  5  1.5   0  30
C W 16 -0.2  1
C W 16 -0.2  5 1.5 210 270
C W 16 11.8  1
C W 16 11.8  5 1.5 210 270
C W 16 11.8  5 1.5 330   0

:top
T W  5.5  0  6.5  0  6  0.866
T W  6.5  0  7.5  0  7  0.866
T W  8.5  0  9.5  0  9  0.866
T W  9.5  0 10.5  0 10  0.866
T W  6  0.866  7  0.866  6.5  1.732
T W  9  0.866 10  0.866  9.5  1.732

:bottom
T W  5 11.134  6 11.134  5.5 12
T W  6 11.134  7 11.134  6.5 12
T W  7 11.134  8 11.134  7.5 12
T W  8 11.134  9 11.134  8.5 12
T W  9 11.134 10 11.134  9.5 12
T W 10 11.134 11 11.134 10.5 12

:left
C W  0 5.5 0.5
C W  0  6 4.5 1.25   0  10

:right
C W 16 5.5 0.5
C W 16 6.0  4.5  1.25 350   0

