:room
S 32 24
; balls
C W  0  0  4  3.3  90 131.5
C W  0  0  4  0 136.5 180
C W  5.5  0  4.5   4  224.5 270
C W  5.5  0  3.75  3.05 225 270
T W  2.92  2.72  2.8  2.6  3.12  2.5  0
T W  2  0  4  0  3  2
  W  0  0  1.3  1.5
C W 32  0  4 3.3 228.5 270
C W 32  0  4  0 180 223.5
C W 26.5  0 4.5  4  90 135.5
C W 26.5  0 3.75 3.05  90 135
T W 29.08 2.72 29.2 2.6 28.88 2.5
T W 30  0 28  0 29  2
  W 32  0 30.7 1.5
C W  0 24  4 3.3 48.5  90
C W  0 24  4  0   0 43.5
C W 5.5 24 4.5  4 270 315.5
C W 5.5 24 3.75 3.05 270 315
T W 2.92 21.28 2.8 21.4 3.12 21.5
T W  2 24  4 24  3 22
  W  0 24 1.3 22.5
C W 32 24  4 3.3 270 311.5
C W 32 24  4  0 316.5   0
C W 26.5 24 4.5  4 44.5  90
C W 26.5 24 3.75 3.05  45  90
T W 29.08 21.28 29.2 21.4 28.88 21.5
T W 30 24 28 24 29 22
  W 32 24 30.7 22.5
; court
  G  9.6   11.975 22.4   12.025  6
  G  4.115  6.515 27.885  6.565  6
  G  4.115  7.885 27.885  7.935  6
  G  4.115  6.515  4.215 17.485  6
  G  4.115 11.975  4.315 12.025  6
  G  9.6    7.885  9.65  16.115  6
C G 16      5.601  0.075  0  0  0  6
C G 16      6.971  0.075  0  0  0  6
  G 27.885 17.485 4.115 17.435  6
  G 27.885 16.115 4.115 16.065  6
  G 27.885 17.485 27.785 6.515  6
  G 27.885 12.025 27.685 11.975  6
  G 22.4 16.115 22.35 7.885  6
C G 16 18.399 0.075  0   0   0  6
C G 16 17.029 0.075  0   0   0  6

:top
  W  1.8  0 14.2 0.185

:bottom
  W  1.8 12 14.2 11.815

:left
  W  0  1.8  0.185 10.2

:right
  W 16  1.8 15.815 10.2

