:room
C W  0  0  1
C W  0  0  3  0  90  94
C W  0  0  2  0 101 109
C W  0  0  3  0 116 124
C W  0  0  2  0 131 139
C W  0  0  3  0 146 154
C W  0  0  2  0 161 169
C W  0  0  3  0 176 180
C W  0 12  1
C W  0 12  3  0  86  90
C W  0 12  2  0  71  79
C W  0 12  3  0  56  64
C W  0 12  2  0  41  49
C W  0 12  3  0  26  34
C W  0 12  2  0  11  19
C W  0 12  3  0   0   4
C W 16  0  1
C W 16  0  3  0 266 270
C W 16  0  2  0 251 259
C W 16  0  3  0 236 244
C W 16  0  2  0 221 229
C W 16  0  3  0 206 214
C W 16  0  2  0 191 199
C W 16  0  3  0 180 184
C W 16 12  1
C W 16 12  3  0 270 274
C W 16 12  2  0 281 289
C W 16 12  3  0 296 304
C W 16 12  2  0 311 319
C W 16 12  3  0 326 334
C W 16 12  2  0 341 349
C W 16 12  3  0 356   0

:top
C W  0  0  8  0  90  94
C W 16  0  8  0 266 270
C W  8  0  1

:bottom
C W  0 12  8  0  86  90
C W 16 12  8  0 270 274
C W  8 12  1

:left
C W  0  0  6  0 176 180
C W  0 12  6  0   0   4
C W  0  6  1

:right
C W 16  0  6  0 180 184
C W 16 12  6  0 356   0
C W 16  6  1

