:room
S 800 600
C G  0  0 226  0  0  0  1
C W  0  0  15.5  6.4
C W  0  0  97  16  99 117
C W  0  0  97  16 135 153
C W  0  0  97  16 171 189
C W  0  0 107  97  81  99
C W  0  0 107  97 117 135
C W  0  0 107  97 153 171
C W  0  0 160 107  99 117
C W  0  0 160 107 135 153
C W  0  0 160 107 171 189
C W  0  0 170 160  81  99
C W  0  0 170 160 117 135
C W  0  0 170 160 153 171
C W  0  0 170 169
C G 800  0 226  0   0   0  1
C W 800  0 15.5 6.4
C W 800  0 97 16 243 261
C W 800  0 97 16 207 225
C W 800  0 97 16 171 189
C W 800  0 107 97 261 279
C W 800  0 107 97 225 243
C W 800  0 107 97 189 207
C W 800  0 160 107 243 261
C W 800  0 160 107 207 225
C W 800  0 160 107 171 189
C W 800  0 170 160 261 279
C W 800  0 170 160 225 243
C W 800  0 170 160 189 207
C W 800  0 170 169
C G  0 600 226  0   0   0  1
C W  0 600 15.5 6.4
C W  0 600 97 16  63  81
C W  0 600 97 16  27  45
C W  0 600 97 16 351   9
C W  0 600 107 97  81  99
C W  0 600 107 97  45  63
C W  0 600 107 97   9  27
C W  0 600 160 107  63  81
C W  0 600 160 107  27  45
C W  0 600 160 107 351   9
C W  0 600 170 160  81  99
C W  0 600 170 160  45  63
C W  0 600 170 160   9  27
C W  0 600 170 169
C G 800 600 226  0   0   0  1
C W 800 600 15.5 6.4
C W 800 600 97 16 279 297
C W 800 600 97 16 315 333
C W 800 600 97 16 351   9
C W 800 600 107 97 261 279
C W 800 600 107 97 297 315
C W 800 600 107 97 333 351
C W 800 600 160 107 279 297
C W 800 600 160 107 315 333
C W 800 600 160 107 351   9
C W 800 600 170 160 261 279
C W 800 600 170 160 297 315
C W 800 600 170 160 333 351
C W 800 600 170 169

:top
T W  3.5  0  5.5  0  5.5  0.2
C W  5.5  0  0.4
  W  5.5  0  7  0.4
T W  7  0  7  0.4 12  0
T W 12.5  0 12  1.3 10.5  1.3
T W 12.5  0 10.5  1.3  9.5  0
C W 10.5  0  2  0  90 130.5

:bottom
T W 3.5 12 5.5 12 5.5 11.8
C W 5.5 12 0.4
  W 5.5 12  7 11.6
T W  7 12  7 11.6 12 12
T W 12.5 12 12 10.7 10.5 10.7
T W 12.5 12 10.5 10.7 9.5 12
C W 10.5 12  2  0 49.5  90

:left
S 29 21.75
T W  0  6.2  0  8.2  0.2  8.2
C W  0  8.2  0.4
  W  0  8.2  0.4  9.7
T W  0  9.7  0.4  9.7  0 14.7
T W  0 15.2  1.3 14.7  1.3 13.2
T W  0 15.2  1.3 13.2  0 12.2
C W  0 13.2  2  0 139.5 180

:right
S 29 21.75
T W 29 6.2 29 8.2 28.8 8.2
C W 29 8.2 0.4
  W 29 8.2 28.6 9.7
T W 29 9.7 28.6 9.7 29 14.7
T W 29 15.2 27.7 14.7 27.7 13.2
T W 29 15.2 27.7 13.2 29 12.2
C W 29 13.2  2  0 180 220.5

