:room
C W  0  0  1.78  0.89
C W  2.67  0  1.78  0.89
C W  1.33  2.31  1.78  0.89
  W  0  0  0  0
  W  2.67  0  3  0
  W  1.33  2.31  1.33  2.31
C W  0 12 1.78 0.89
C W 2.67 12 1.78 0.89
C W 1.33 9.69 1.78 0.89
  W  0 12  0 12
  W 2.67 12  3 12
  W 1.33 9.69 1.33 9.69
C W 16  0 1.78 0.89
C W 13.33  0 1.78 0.89
C W 14.67 2.31 1.78 0.89
  W 16  0 16  0
  W 13.33  0 13  0
  W 14.67 2.31 14.67 2.31
C W 16 12 1.78 0.89
C W 13.33 12 1.78 0.89
C W 14.67 9.69 1.78 0.89
  W 16 12 16 12
  W 13.33 12 13 12
  W 14.67 9.69 14.67 9.69

:top
C W  5.33  0  1.78  0.89
C W  8  0  1.78  0.89
C W 10.67  0 1.78 0.89
  W  5.33  0  5.33  0
  W  8  0  8  0
  W 10.67  0 10.67  0

:bottom
C W 5.33 12 1.78 0.89
C W  8 12 1.78 0.89
C W 10.67 12 1.78 0.89
  W 5.33 12 5.33 12
  W  8 12  8 12
  W 10.67 12 10.67 12

:left
C W  0  4.62  1.78  0.89
C W  0  7.38  1.78  0.89
  W  0  4.62  0  4.62
  W  0  7.38  0  7.38

:right
C W 16 4.62 1.78 0.89
C W 16 7.38 1.78 0.89
  W 16 4.62 16 4.62
  W 16 7.38 16 7.38

