:room
C W  2.67  0  1.78  0.89  90  210
C W  1.33  2.31  1.78  0.89  30 270
T W -1.775 -1.539  2.225  0.771  1.775  1.539
T W -2.225 -0.771 -1.775 -1.539  1.775  1.539
  W  0  0  0.444  2.31
  W  1.33 2.31 1.33 2.31
  W  2.67 0 2.67 0
C W 2.67 12 1.78 0.89 330  90
C W 1.33 9.69 1.78 0.89 270 150
T W -1.775 13.539 2.225 11.229 1.775 10.461
T W -2.225 12.771 -1.775 13.539 1.775 10.461
  W  0 12 0.444 9.69
  W 1.33 9.69 1.33 9.69
  W 2.67 12 2.67 12
C W 13.33  0 1.78 0.89 150 270
C W 14.67 2.31 1.78 0.89  90 330
T W 17.775 -1.539 13.775 0.771 14.225 1.539
T W 18.225 -0.771 17.775 -1.539 14.225 1.539
  W 16  0 15.556 2.31
  W 14.67 2.31 14.67 2.31
  W 13.33  0 13.33  0
C W 13.33 12 1.78 0.89 270  30
C W 14.67 9.69 1.78 0.89 210  90
T W 17.775 13.539 13.775 11.229 14.225 10.461
T W 18.225 12.771 17.775 13.539 14.225 10.461
  W 16 12 15.556 9.69
  W 14.67 9.69 14.67 9.69
  W 13.33 12 13.33 12

:top
C W  5.33  0  1.78  0.89
C W  8  0  1.78  0.89
C W 10.67  0 1.78 0.89
  W  5.33  0  5.33  0
  W  8  0  8  0
  W 10.67  0 10.67  0

:bottom
C W 5.33 12 1.78 0.89
C W  8 12 1.78 0.89
C W 10.67 12 1.78 0.89
  W 5.33 12 5.33 12
  W  8 12  8 12
  W 10.67 12 10.67 12

:left
C W  0  4.62  1.78  0.89
C W  0  7.38  1.78  0.89
  W  0  4.62  0  4.62
  W  0  7.38  0  7.38

:right
C W 16 4.62 1.78 0.89
C W 16 7.38 1.78 0.89
  W 16 4.62 16 4.62
  W 16 7.38 16 7.38

