:room
C W  4  0  2  0 180 270
C W  0  4  2  0   0  90
C W  1.5  1.5  2.2  0.92 210  60
C W  1.7  4  0.3
  W  0  4  1.7  4.3
C W  4  1.7  0.3
  W  4  0  4.3  1.7
C G  1.5  1.5  1.2  0  0  0  1
C W  4 12  2  0 270   0
C W  0  8  2  0  90 180
C W 1.5 10.5 2.2 0.92 120 330
C W 1.7  8 0.3
  W  0  8 1.7 7.7
C W  4 10.3 0.3
  W  4 12 4.3 10.3
C G 1.5 10.5 1.2  0   0   0  1
C W 12  0  2  0  90 180
C W 16  4  2  0 270   0
C W 14.5 1.5 2.2 0.92 300 150
C W 14.3  4 0.3
  W 16  4 14.3 4.3
C W 12 1.7 0.3
  W 12  0 11.7 1.7
C G 14.5 1.5 1.2  0   0   0  1
C W 12 12  2  0   0  90
C W 16  8  2  0 180 270
C W 14.5 10.5 2.2 0.92  30 240
C W 14.3  8 0.3
  W 16  8 14.3 7.7
C W 12 10.3 0.3
  W 12 12 11.7 10.3
C G 14.5 10.5 1.2  0   0   0  1

:top
C W  8  1  2  0.84 280  80
C G  8  1  1  0  0  0  1
C W  5.8  0.6  1.4
  W  4  0  5.8  2
C W 10.2 0.6 1.4
  W 12  0 10.2  2

:bottom
C W  8 11  2 0.84 100 260
C G  8 11  1  0  0  0  1
C W 5.8 11.4 1.4
  W  4 12 5.8 10
C W 10.2 11.4 1.4
  W 12 12 10.2 10

:left
  W  0  4  2  8

:right
  W 16  4 14  8

