:room
  W  0  0  5  2
  W  0  2  2  4
T W  2  2  5  2  2  4
  W  0 12  5 10
  W  0 10  2  8
T W  2 10  5 10  2  8
  W 16  0 11  2
  W 16  2 14  4
T W 14  2 11  2 14  4
  W 16 12 11 10
  W 16 10 14  8
T W 14 10 11 10 14  8

:top
T W  8  0  5  4  5  0
T W  5  2  5  4  2  4
T W  8  0 11  4 11  0
T W 11  2 11  4 14  4

:bottom
T W  8 12  5  8  5 12
T W  5 10  5  8  2  8
T W  8 12 11  8 11 12
T W 11 10 11  8 14  8

:left
T W  0  6  5  4  0  4
T W  5  2  5  4  2  4
T W  0  6  5  8  0  8
T W  5 10  5  8  2  8

:right
T W 16  6 11  4 16  4
T W 11  2 11  4 14  4
T W 16  6 11  8 16  8
T W 11 10 11  8 14  8

