:room
S 24 18
  W  0  0  3.5   0.25
  W  0  0  0.25  3.5
C W  0  0  4  3.5
C W -2.8  0  5  4.5  90 143
C W  0  7.5  6  5.5   0  30
  W  0 18 3.5 17.75
  W  0 18 0.25 14.5
C W  0 18  4 3.5
C W -2.8 18  5 4.5  37  90
C W  0 10.5  6 5.5 150 180
  W 24  0 20.5 0.25
  W 24  0 23.75 3.5
C W 24  0  4 3.5
C W 26.8  0  5 4.5 217 270
C W 24 7.5  6 5.5 330   0
  W 24 18 20.5 17.75
  W 24 18 23.75 14.5
C W 24 18  4 3.5
C W 26.8 18  5 4.5 270 323
C W 24 10.5  6 5.5 180 210

:top
  W  2.5  0 13.5  0.17
  W  7.83  0  8.17  1
C W  8 -15.9  17 16.67

:bottom
  W 2.5 12 13.5 11.83
  W 7.83 12 8.17 11
C W  8 27.9 17 16.67

:left
  W  0  2.5  0.17  9.5
  W  0  5.83  1  6.17
C W -6.9  6  8  7.67

:right
  W 16 2.5 15.83 9.5
  W 16 5.83 15 6.17
C W 22.9  6  8 7.67

