:room
T W  0  4  0  2.4  1.6  2.4
  W  0  0  0.8  2.4
T W  4  0  2.4  0  2.4  1.6
  W  0  0  2.4  0.8
T W 16  4 16 2.4 14.4 2.4
  W 16  0 15.2 2.4
T W 12  0 13.6  0 13.6 1.6
  W 16  0 13.6 0.8
T W  0  8  0 9.6 1.6 9.6
  W  0 12 0.8 9.6
T W  4 12 2.4 12 2.4 10.4
  W  0 12 2.4 11.2
T W 16  8 16 9.6 14.4 9.6
  W 16 12 15.2 9.6
T W 12 12 13.6 12 13.6 10.4
  W 16 12 13.6 11.2

:top
T W  4  0  5.6  0  5.6 1.6
T W 12  0 10.4  0 10.4 1.6
  W  5.6  0 10.4 0.8

:bottom
T W 12 12 10.4 12 10.4 10.4
T W  4 12 5.6 12 5.6 10.4
  W 10.4 12 5.6 11.2

:left
T W  0  4  0  5.6  1.6  5.6
T W  0  8  0 6.4 1.6 6.4
  W  0  5.6  0.8  6.4

:right
T W 16  4 16 5.6 14.4 5.6
T W 16  8 16 6.4 14.4 6.4
  W 16 5.6 15.2 6.4

