:room
S 32 24
; court
  W  0  0.10   6.20  3.915
  W  6.40  0.10  11.84  3.915
  W  6.40  0  11.54  0.10
  W  0  4.115 11.84  5.435
  W  0 23.9 6.2 20.085
  W 6.4 23.9 11.84 20.085
  W 6.4 24 11.54 23.9
  W  0 19.885 11.84 18.565
  W 32 0.1 25.8 3.915
  W 25.6 0.1 20.16 3.915
  W 25.6  0 20.46 0.1
  W 32 4.115 20.16 5.435
  W 32 23.9 25.8 20.085
  W 25.6 23.9 20.16 20.085
  W 25.6 24 20.46 23.9
  W 32 19.885 20.16 18.565
; balls
C G 16 12  4 3.3 228.5 311.5  2
C G 16 12  4  0 316.5   43.5  2
C G 10.5 12 4.5  4 44.5  135.5  2
C G 10.5 12 3.75 3.05  45  135  2
T G 13.08 9.28 13.2 9.4 12.88 9.5  2
T G 14 12 12 12 13 10  2
  G 17.3 13.5 14.7 10.5  2
C G 16 12  4 3.3 48.5  131.5  2
C G 21.5 12 4.5  4 224.5 315.5  2
C G 21.5 12 3.75 3.05 225 315  2
T G 18.92 9.28 18.8 9.4 19.12 9.5  2
T G 18 12 20 12 19 10  2
C G 16 12  4  0 136.5 223.5  2
T G 13.08 14.72 13.2 14.6 12.88 14.5  2
T G 14 12 12 12 13 14  2
T G 18.92 14.72 18.8 14.6 19.12 14.5  2
T G 18 12 20 12 19 14  2

:top
  W   6  0 10  0.1
C W   7  0  0.4  0  0  0  2
C W   8  0  0.4  0  0  0  2
C W   9  0  0.4  0  0  0  2

:bottom
  W  6 12 10 11.9
C W  7 12 0.4
C W  8 12 0.4
C W  9 12 0.4

:left
  W   0  3  0.1  9
C W   0  3.5  0.3  0  0  0  2
C W   0  4.5  0.3  0  0  0  2
C W   0  5.5  0.3  0  0  0  2
C W   0  6.5  0.3  0  0  0  2
C W   0  7.5  0.3  0  0  0  2
C W   0  8.5  0.3  0  0  0  2

:right
  W 16  3 15.9  9
C W 16 3.5 0.3  0  0  0  2
C W 16 4.5 0.3  0  0  0  2
C W 16 5.5 0.3  0  0  0  2
C W 16 6.5 0.3  0  0  0  2
C W 16 7.5 0.3  0  0  0  2
C W 16 8.5 0.3  0  0  0  2

