:room
T W  0.8  0.8  0  0  4  0
T W  0.8  0.8  0  0  0  4
T W 15.2  0.8 16  0 12  0
T W 15.2  0.8 16  0 16  4
T W  0.8 11.2  0 12  4 12
T W  0.8 11.2  0 12  0  8
T W 15.2 11.2 16 12 12 12
T W 15.2 11.2 16 12 16  8
T W  1.62 1.62 1.01  0  0  1.01
C W  0  0  2.29 2.25
T W 1.62 10.38 1.01 12  0 10.99
C W  0 12 2.29 2.25
T W 14.38 1.62 14.99  0 16 1.01
C W 16  0 2.29 2.25
T W 14.38 10.38 14.99 12 16 10.99
C W 16 12 2.29 2.25

:top
T W  4  0  8  0.8 12  0

:bottom
T W  4 12  8 11.2 12 12

:left
T W  0  4  0.4  6  0  8

:right
T W 16  4 15.6  6 16  8

