:room
S 32 24
  W  0  0  1  1
  W  1  1  3  3
  W  3  3  5  5
  W  3  0  5  1
  W  0  3  1  5
  W  0 24  1 23
  W  1 23  3 21
  W  3 21  5 19
  W  3 24  5 23
  W  0 21  1 19
  W 32 24 31 23
  W 31 23 29 21
  W 29 21 27 19
  W 29 24 27 23
  W 32 21 31 19
  W 32  0 31  1
  W 31  1 29  3
  W 29  3 27  5
  W 29  0 27  1
  W 32  3 31  5

:top
S 32 24
  W  7  0  9  1
  W 11  0 13  1
  W 15  0 17  1
  W 25  0 23  1
  W 21  0 19  1
  W  5  1  7  3
  W  9  1 11  3
  W 13  1 15  3
  W 27  1 25  3
  W 23  1 21  3
  W 19  1 17  3

:bottom
S 32 24
  W  7 24  9 23
  W 11 24 13 23
  W 15 24 17 23
  W 25 24 23 23
  W 21 24 19 23
  W  5 23  7 21
  W  9 23 11 21
  W 13 23 15 21
  W 27 23 25 21
  W 23 23 21 21
  W 19 23 17 21

:left
S 32 24
  W  0  7  1  9
  W  0 11  1 13
  W  0 17  1 15
  W  1  5  3  7
  W  1  9  3 11
  W  1 13  3 15
  W  1 17  3 19

:right
S 32 24
  W 32  7 31  9
  W 32 11 31 13
  W 32 17 31 15
  W 31  5 29  7
  W 31  9 29 11
  W 31 13 29 15
  W 31 17 29 19

