:room
C W  0  0  4  3  90   112.5
C W  0  0  2  1  90   112.5
C W  0  0  3  2 112.5 157.5
C W  0  0  1  0 112.5 157.5
C W  0  0  4  3 157.5 180
C W  0  0  2  1 157.5 180
C W  0 12  4  3 67.5  90
C W  0 12  2  1 67.5  90
C W  0 12  3  2 22.5 67.5
C W  0 12  1  0 22.5 67.5
C W  0 12  4  3   0 22.5
C W  0 12  2  1   0 22.5
C W 16  0  4  3 247.5 270
C W 16  0  2  1 247.5 270
C W 16  0  3  2 202.5 247.5
C W 16  0  1  0 202.5 247.5
C W 16  0  4  3 180 202.5
C W 16  0  2  1 180 202.5
C W 16 12  4  3 270 292.5
C W 16 12  2  1 270 292.5
C W 16 12  3  2 292.5 337.5
C W 16 12  1  0 292.5 337.5
C W 16 12  4  3 337.5   0
C W 16 12  2  1 337.5   0

:top
C W  0  0  6  5  90   112.5
C W  0  0  8  7  90   112.5
C W 16  0  6  5 247.5 270
C W 16  0  8  7 247.5 270

:bottom
C W  0 12  6  5 67.5  90
C W  0 12  8  7 67.5  90
C W 16 12  6  5 270 292.5
C W 16 12  8  7 270 292.5

:left
C W  0  0  6  5 157.5 180
C W  0 12  6  5   0 22.5

:right
C W 16  0  6  5 180 202.5
C W 16 12  6  5 337.5   0

